20 
28 
43 72 
79 23 70 
55 39 69 1 
41 40 5 25 95 
4 42 54 79 55 98 
8 60 33 26 17 44 76 
91 10 32 18 54 3 95 75 
73 52 13 43 51 54 81 56 77 
76 59 20 29 39 74 28 46 35 62 
72 50 5 49 40 15 81 59 69 83 53 
43 57 4 56 0 54 9 81 11 87 56 68 
6 86 7 78 15 53 14 75 24 65 80 73 6 
96 53 63 64 37 16 9 93 20 63 91 74 73 71 
84 59 29 51 63 16 56 43 29 8 55 6 32 19 86 
4 24 81 58 87 47 93 2 54 85 21 16 77 93 87 50 
76 47 77 29 10 93 83 53 21 92 9 27 25 29 13 30 51 
92 86 37 38 78 40 92 65 61 8 41 55 95 91 31 44 67 60 
52 59 44 6 81 35 13 9 61 40 20 89 91 14 74 30 52 53 70 
44 19 30 52 59 83 48 51 15 90 20 73 43 79 17 47 59 52 61 67 
