40 
28 
43 72 
79 23 70 
55 39 69 1 
41 40 5 25 95 
4 42 54 79 55 98 
8 60 33 26 17 44 76 
91 10 32 18 54 3 95 75 
73 52 13 43 51 54 81 56 77 
76 59 20 29 39 74 28 46 35 62 
72 50 5 49 40 15 81 59 69 83 53 
43 57 4 56 0 54 9 81 11 87 56 68 
6 86 7 78 15 53 14 75 24 65 80 73 6 
96 53 63 64 37 16 9 93 20 63 91 74 73 71 
84 59 29 51 63 16 56 43 29 8 55 6 32 19 86 
4 24 81 58 87 47 93 2 54 85 21 16 77 93 87 50 
76 47 77 29 10 93 83 53 21 92 9 27 25 29 13 30 51 
92 86 37 38 78 40 92 65 61 8 41 55 95 91 31 44 67 60 
52 59 44 6 81 35 13 9 61 40 20 89 91 14 74 30 52 53 70 
44 19 30 52 59 83 48 51 15 90 20 73 43 79 17 47 59 52 61 67 
12 0 87 0 92 0 74 21 51 29 89 95 46 20 46 6 2 92 56 16 84 
74 87 26 52 3 72 13 56 32 80 66 32 66 67 23 67 40 44 19 69 34 13 
15 52 59 21 53 52 75 69 35 50 55 60 2 59 33 15 14 63 93 80 95 60 46 
20 26 87 62 45 55 97 56 70 48 16 92 2 67 66 69 1 18 26 61 20 83 92 33 
97 56 27 78 51 85 24 69 13 12 32 56 67 28 12 39 77 26 30 77 93 96 46 93 13 
70 53 31 54 47 64 52 2 89 29 51 74 53 21 85 63 52 40 32 80 52 69 56 79 0 35 
71 94 81 65 7 52 20 38 5 65 2 57 65 89 84 18 64 39 37 50 1 89 89 33 71 42 1 
28 22 98 61 94 94 41 58 2 91 76 38 96 42 40 52 7 29 38 25 93 75 60 43 76 51 33 9 
21 75 10 47 96 10 10 89 3 51 46 3 44 24 41 39 66 80 92 73 10 31 96 2 5 58 45 81 8 
76 88 29 51 0 76 48 8 84 36 11 35 82 14 77 7 53 17 72 34 10 44 44 39 42 47 44 98 90 25 
5 68 14 34 20 12 9 66 20 94 3 29 28 83 43 6 91 97 23 62 30 32 7 75 71 47 21 15 46 12 38 
51 78 50 83 98 63 93 63 81 86 66 12 15 51 53 21 41 51 42 4 82 74 11 56 45 59 77 58 4 87 96 54 
67 47 36 64 9 28 29 91 15 93 2 28 43 55 47 82 6 88 86 86 63 96 41 7 54 17 65 56 5 60 9 70 7 
46 34 16 74 63 6 88 55 8 15 97 62 63 80 66 52 68 53 14 63 94 22 18 12 85 72 15 45 82 86 52 29 21 66 
2 82 73 90 36 79 7 34 40 68 16 7 19 82 58 33 46 51 53 62 61 38 33 77 83 16 62 34 43 81 1 44 62 72 35 
98 53 40 34 91 7 48 0 26 31 56 58 75 9 12 36 70 48 69 46 32 84 9 66 26 88 66 70 51 39 5 49 92 43 81 83 
51 30 83 75 59 38 34 33 47 45 67 19 93 35 63 25 20 73 89 47 60 56 16 13 96 21 62 87 65 42 71 17 72 53 92 30 92 
26 63 38 71 29 55 63 64 20 88 83 93 79 29 54 34 45 65 29 67 26 18 33 68 87 48 39 40 39 69 31 65 31 69 35 60 26 0 
26 46 86 10 38 64 39 90 0 82 57 29 50 81 45 81 51 32 28 88 72 68 59 4 32 90 73 66 50 97 64 74 44 51 84 82 17 22 72 
15 5 30 42 54 10 88 36 59 21 65 49 91 32 9 93 62 97 67 29 46 66 93 21 9 44 6 90 61 26 63 76 32 91 19 86 2 6 21 62 
